#K-Path(1/A)   Spin-Up(eV)   Spin-down(eV)
# NKPTS & NBANDS:  80  30
# Band-Index:    1
   0.00000    -19.277277    -19.556576
   0.03369    -19.278770    -19.556742
   0.06738    -19.283164    -19.557191
   0.10107    -19.290701    -19.558136
   0.13476    -19.301371    -19.559652
   0.16845    -19.315325    -19.561948
   0.20214    -19.332784    -19.565373
   0.23583    -19.353797    -19.570216
   0.26952    -19.378523    -19.576974
   0.30321    -19.406927    -19.586057
   0.33690    -19.438876    -19.597918
   0.37059    -19.474347    -19.613141
   0.40428    -19.512986    -19.632002
   0.43797    -19.554479    -19.654818
   0.47166    -19.598720    -19.681858
   0.50535    -19.645036    -19.712827
   0.53904    -19.693149    -19.747562
   0.57273    -19.742570    -19.785589
   0.60642    -19.792923    -19.826416
   0.64011    -19.843779    -19.869433
   0.67379    -19.894721    -19.914025
   0.70748    -19.945255    -19.959493
   0.74117    -19.995120    -20.005359
   0.77486    -20.044000    -20.051127
   0.80855    -20.091448    -20.096202
   0.84224    -20.137278    -20.140247
   0.87593    -20.181161    -20.182832
   0.90962    -20.222798    -20.223551
   0.94331    -20.261901    -20.262029
   0.97700    -20.298299    -20.298051
   1.01069    -20.331870    -20.331418
   1.04438    -20.362371    -20.361838
   1.07807    -20.389689    -20.389156
   1.11176    -20.413663    -20.413186
   1.14545    -20.434091    -20.433701
   1.17914    -20.450960    -20.450667
   1.21283    -20.464155    -20.463955
   1.24652    -20.473609    -20.473479
   1.28021    -20.479352    -20.479270
   1.31390    -20.481245    -20.481177
   1.31390    -20.481245    -20.481177
   1.34721    -20.479341    -20.479288
   1.38051    -20.473691    -20.473683
   1.41382    -20.464291    -20.464350
   1.44713    -20.451169    -20.451315
   1.48043    -20.434437    -20.434673
   1.51374    -20.414123    -20.414442
   1.54705    -20.390429    -20.390804
   1.58035    -20.363495    -20.363876
   1.61366    -20.333299    -20.333596
   1.64697    -20.300278    -20.300364
   1.68028    -20.264513    -20.264221
   1.71358    -20.226379    -20.225489
   1.74689    -20.186054    -20.184278
   1.78020    -20.143818    -20.140792
   1.81350    -20.100098    -20.095350
   1.84681    -20.055250    -20.048196
   1.88012    -20.009699    -19.999634
   1.91342    -19.963933    -19.949988
   1.94673    -19.918549    -19.899684
   1.98004    -19.873942    -19.848904
   2.01334    -19.830844    -19.798182
   2.04665    -19.789749    -19.747780
   2.07996    -19.751368    -19.698248
   2.11327    -19.716227    -19.649986
   2.14657    -19.684780    -19.603401
   2.17988    -19.657312    -19.558940
   2.21319    -19.633968    -19.517003
   2.24649    -19.614547    -19.477827
   2.27980    -19.598946    -19.441910
   2.31311    -19.586711    -19.409433
   2.34641    -19.577425    -19.380608
   2.37972    -19.570458    -19.355375
   2.41303    -19.565380    -19.333798
   2.44633    -19.561894    -19.315945
   2.47964    -19.559510    -19.301594
   2.51295    -19.557925    -19.290596
   2.54625    -19.556961    -19.282866
   2.57956    -19.556491    -19.278334
   2.61287    -19.556330    -19.276810
 
# Band-Index:    2
   2.61287    -18.733327    -18.731679
   2.57956    -18.735142    -18.732496
   2.54625    -18.740405    -18.734770
   2.51295    -18.749064    -18.738465
   2.47964    -18.760769    -18.743274
   2.44633    -18.775135    -18.748902
   2.41303    -18.791598    -18.754923
   2.37972    -18.809683    -18.761138
   2.34641    -18.828526    -18.767036
   2.31311    -18.847349    -18.772271
   2.27980    -18.865384    -18.776666
   2.24649    -18.881808    -18.780020
   2.21319    -18.895908    -18.782241
   2.17988    -18.906966    -18.783119
   2.14657    -18.914631    -18.782748
   2.11327    -18.918636    -18.781077
   2.07996    -18.918972    -18.778189
   2.04665    -18.915911    -18.774295
   2.01334    -18.909593    -18.769340
   1.98004    -18.900391    -18.763464
   1.94673    -18.888648    -18.756737
   1.91342    -18.874745    -18.749245
   1.88012    -18.859090    -18.741136
   1.84681    -18.842116    -18.732597
   1.81350    -18.824110    -18.723688
   1.78020    -18.805486    -18.714574
   1.74689    -18.786558    -18.705388
   1.71358    -18.767626    -18.696246
   1.68028    -18.748989    -18.687266
   1.64697    -18.730935    -18.678594
   1.61366    -18.713728    -18.670343
   1.58035    -18.697521    -18.662534
   1.54705    -18.682608    -18.655334
   1.51374    -18.669154    -18.648794
   1.48043    -18.657477    -18.643147
   1.44713    -18.647678    -18.638403
   1.41382    -18.639858    -18.634583
   1.38051    -18.634154    -18.631776
   1.34721    -18.630699    -18.630073
   1.31390    -18.629534    -18.629488
   1.31390    -18.629534    -18.629488
   1.28021    -18.630128    -18.630672
   1.24652    -18.631983    -18.634266
   1.21283    -18.634915    -18.640087
   1.17914    -18.639008    -18.648156
   1.14545    -18.644008    -18.658188
   1.11176    -18.650027    -18.670208
   1.07807    -18.656895    -18.683965
   1.04438    -18.664503    -18.699242
   1.01069    -18.672733    -18.715807
   0.97700    -18.681478    -18.733432
   0.94331    -18.690677    -18.751925
   0.90962    -18.700042    -18.770859
   0.87593    -18.709650    -18.790132
   0.84224    -18.719199    -18.809293
   0.80855    -18.728604    -18.828065
   0.77486    -18.737757    -18.846132
   0.74117    -18.746490    -18.863115
   0.70748    -18.754721    -18.878700
   0.67379    -18.762248    -18.892430
   0.64011    -18.768978    -18.903928
   0.60642    -18.774844    -18.912853
   0.57273    -18.779709    -18.918821
   0.53904    -18.783487    -18.921503
   0.50535    -18.786099    -18.920654
   0.47166    -18.787381    -18.916083
   0.43797    -18.787368    -18.907874
   0.40428    -18.785940    -18.896254
   0.37059    -18.783310    -18.881772
   0.33690    -18.779352    -18.864889
   0.30321    -18.774369    -18.846546
   0.26952    -18.768508    -18.827456
   0.23583    -18.762087    -18.808466
   0.20214    -18.755432    -18.790390
   0.16845    -18.748844    -18.773808
   0.13476    -18.742831    -18.759450
   0.10107    -18.737725    -18.747768
   0.06738    -18.733831    -18.739143
   0.03369    -18.731406    -18.733872
   0.00000    -18.730572    -18.732092
 
# Band-Index:    3
   0.00000     -8.799048     -9.100391
   0.03369     -8.798786     -9.101122
   0.06738     -8.798010     -9.103279
   0.10107     -8.796754     -9.106766
   0.13476     -8.795058     -9.111429
   0.16845     -8.792986     -9.117071
   0.20214     -8.790611     -9.123464
   0.23583     -8.788008     -9.130371
   0.26952     -8.785263     -9.137557
   0.30321     -8.782462     -9.144808
   0.33690     -8.779694     -9.151950
   0.37059     -8.777050     -9.158849
   0.40428     -8.774619     -9.165423
   0.43797     -8.772493     -9.171655
   0.47166     -8.770758     -9.177600
   0.50535     -8.769497     -9.183371
   0.53904     -8.768806     -9.189159
   0.57273     -8.768793     -9.195251
   0.60642     -8.769663     -9.201997
   0.64011     -8.772051     -9.209861
   0.67379     -8.780723     -9.219396
   0.70748     -8.831705     -9.231259
   0.74117     -8.910478     -9.246201
   0.77486     -8.992155     -9.265041
   0.80855     -9.073728     -9.288558
   0.84224     -9.154018     -9.317365
   0.87593     -9.232154     -9.351707
   0.90962     -9.307372     -9.391296
   0.94331     -9.379027     -9.435259
   0.97700     -9.446492     -9.482188
   1.01069     -9.509220     -9.530404
   1.04438     -9.566705     -9.578157
   1.07807     -9.618495     -9.623813
   1.11176     -9.664191     -9.665957
   1.14545     -9.703449     -9.703413
   1.17914     -9.735979     -9.735242
   1.21283     -9.761530     -9.760703
   1.24652     -9.779915     -9.779262
   1.28021     -9.790986     -9.790521
   1.31390     -9.794695     -9.794307
   1.31390     -9.794695     -9.794307
   1.34721     -9.790856     -9.790640
   1.38051     -9.779410     -9.779675
   1.41382     -9.760541     -9.761477
   1.44713     -9.734583     -9.736164
   1.48043     -9.702034     -9.703921
   1.51374     -9.663567     -9.664978
   1.54705     -9.620061     -9.619613
   1.58035     -9.572628     -9.568153
   1.61366     -9.522640     -9.510973
   1.64697     -9.471722     -9.448502
   1.68028     -9.421709     -9.381207
   1.71358     -9.374467     -9.309623
   1.74689     -9.331629     -9.234329
   1.78020     -9.294332     -9.155952
   1.81350     -9.263032     -9.075185
   1.84681     -9.237546     -8.992778
   1.88012     -9.217235     -8.909509
   1.91342     -9.201261     -8.826280
   1.94673     -9.188749     -8.767968
   1.98004     -9.178889     -8.766354
   2.01334     -9.170995     -8.765541
   2.04665     -9.164501     -8.765351
   2.07996     -9.158951     -8.765751
   2.11327     -9.153999     -8.766707
   2.14657     -9.149367     -8.768167
   2.17988     -9.144879     -8.770060
   2.21319     -9.140411     -8.772325
   2.24649     -9.135904     -8.774875
   2.27980     -9.131354     -8.777634
   2.31311     -9.126804     -8.780511
   2.34641     -9.122328     -8.783420
   2.37972     -9.118026     -8.786268
   2.41303     -9.114010     -8.788967
   2.44633     -9.110409     -8.791438
   2.47964     -9.107320     -8.793596
   2.51295     -9.104828     -8.795366
   2.54625     -9.103004     -8.796683
   2.57956     -9.101891     -8.797495
   2.61287     -9.101516     -8.797767
 
# Band-Index:    4
   2.61287     -8.346034     -8.287744
   2.57956     -8.341974     -8.283627
   2.54625     -8.329808     -8.271324
   2.51295     -8.309600     -8.250989
   2.47964     -8.281457     -8.222926
   2.44633     -8.245547     -8.187771
   2.41303     -8.202130     -8.147206
   2.37972     -8.151552     -8.108677
   2.34641     -8.094279     -8.098159
   2.31311     -8.030915     -8.114869
   2.27980     -7.962292     -8.142018
   2.24649     -7.889597     -8.176111
   2.21319     -7.814735     -8.216618
   2.17988     -7.741391     -8.263468
   2.14657     -7.678596     -8.316593
   2.11327     -7.650199     -8.375797
   2.07996     -7.685916     -8.440673
   2.04665     -7.769124     -8.510668
   2.01334     -7.870490     -8.585053
   1.98004     -7.977212     -8.662995
   1.94673     -8.083979     -8.743442
   1.91342     -8.187816     -8.769558
   1.88012     -8.286587     -8.772191
   1.84681     -8.378484     -8.775303
   1.81350     -8.461901     -8.778866
   1.78020     -8.535586     -8.782830
   1.74689     -8.598794     -8.787109
   1.71358     -8.651451     -8.791608
   1.68028     -8.694196     -8.796238
   1.64697     -8.728200     -8.800892
   1.61366     -8.754866     -8.805472
   1.58035     -8.775602     -8.809882
   1.54705     -8.791623     -8.814020
   1.51374     -8.803944     -8.817805
   1.48043     -8.813336     -8.821151
   1.44713     -8.820371     -8.823990
   1.41382     -8.825468     -8.826259
   1.38051     -8.828916     -8.827916
   1.34721     -8.830915     -8.828924
   1.31390     -8.831567     -8.829264
   1.31390     -8.831567     -8.829264
   1.28021     -8.831225     -8.828488
   1.24652     -8.830202     -8.826126
   1.21283     -8.828520     -8.822055
   1.17914     -8.826213     -8.816068
   1.14545     -8.823330     -8.807847
   1.11176     -8.819932     -8.796944
   1.07807     -8.816086     -8.782742
   1.04438     -8.811875     -8.764450
   1.01069     -8.807381     -8.741051
   0.97700     -8.802699     -8.711351
   0.94331     -8.797932     -8.674066
   0.90962     -8.793164     -8.627973
   0.87593     -8.788485     -8.572170
   0.84224     -8.783973     -8.506250
   0.80855     -8.779671     -8.430444
   0.77486     -8.775546     -8.345540
   0.74117     -8.771289     -8.252695
   0.70748     -8.764808     -8.153333
   0.67379     -8.732134     -8.049005
   0.64011     -8.659681     -7.941487
   0.60642     -8.584404     -7.833112
   0.57273     -8.511918     -7.728168
   0.53904     -8.443652     -7.639753
   0.50535     -8.380471     -7.612199
   0.47166     -8.322963     -7.661401
   0.43797     -8.271545     -7.735495
   0.40428     -8.226455     -7.813750
   0.37059     -8.187829     -7.890681
   0.33690     -8.155879     -7.964108
   0.30321     -8.131445     -8.032839
   0.26952     -8.117826     -8.096033
   0.23583     -8.124306     -8.153057
   0.20214     -8.152868     -8.203406
   0.16845     -8.187738     -8.246670
   0.13476     -8.219671     -8.282515
   0.10107     -8.245708     -8.310665
   0.06738     -8.264762     -8.330920
   0.03369     -8.276346     -8.343130
   0.00000     -8.280230     -8.347211
 
# Band-Index:    5
   0.00000     -8.009354     -6.532890
   0.03369     -8.010171     -6.534265
   0.06738     -8.012618     -6.546268
   0.10107     -8.016658     -6.569194
   0.13476     -8.022158     -6.600209
   0.16845     -8.028490     -6.638484
   0.20214     -8.033312     -6.683950
   0.23583     -8.028125     -6.737031
   0.26952     -7.998044     -6.798367
   0.30321     -7.946040     -6.868443
   0.33690     -7.882472     -6.947278
   0.37059     -7.811783     -7.034208
   0.40428     -7.735897     -7.127715
   0.43797     -7.656109     -7.225062
   0.47166     -7.573512     -7.320102
   0.50535     -7.489153     -7.391499
   0.53904     -7.404096     -7.386943
   0.57273     -7.319418     -7.322077
   0.60642     -7.236154     -7.241124
   0.64011     -7.155288     -7.157182
   0.67379     -7.077710     -7.074601
   0.70748     -7.004181     -6.995728
   0.74117     -6.935325     -6.922215
   0.77486     -6.871648     -6.855310
   0.80855     -6.813555     -6.795863
   0.84224     -6.761424     -6.744353
   0.87593     -6.715606     -6.700863
   0.90962     -6.676395     -6.665099
   0.94331     -6.643961     -6.636490
   0.97700     -6.618168     -6.614202
   1.01069     -6.598497     -6.597281
   1.04438     -6.584080     -6.584749
   1.07807     -6.573881     -6.575683
   1.11176     -6.566870     -6.569271
   1.14545     -6.562186     -6.564847
   1.17914     -6.559144     -6.561880
   1.21283     -6.557234     -6.559960
   1.24652     -6.556102     -6.558790
   1.28021     -6.555513     -6.558167
   1.31390     -6.555332     -6.557976
   1.31390     -6.555332     -6.557976
   1.34721     -6.555590     -6.557902
   1.38051     -6.556403     -6.557710
   1.41382     -6.557856     -6.557481
   1.44713     -6.560114     -6.557367
   1.48043     -6.563403     -6.557608
   1.51374     -6.568040     -6.558580
   1.54705     -6.574440     -6.560873
   1.58035     -6.583103     -6.565378
   1.61366     -6.594665     -6.573458
   1.64697     -6.609890     -6.586997
   1.68028     -6.629649     -6.608022
   1.71358     -6.654900     -6.637891
   1.74689     -6.686606     -6.676704
   1.78020     -6.725616     -6.723684
   1.81350     -6.772553     -6.777875
   1.84681     -6.827667     -6.838497
   1.88012     -6.890699     -6.904921
   1.91342     -6.960869     -6.976604
   1.94673     -7.036827     -7.052988
   1.98004     -7.116549     -7.133401
   2.01334     -7.197042     -7.217077
   2.04665     -7.272863     -7.303117
   2.07996     -7.331154     -7.390550
   2.11327     -7.342658     -7.478346
   2.14657     -7.291002     -7.565453
   2.17988     -7.206401     -7.650850
   2.21319     -7.113391     -7.733510
   2.24649     -7.021773     -7.812416
   2.27980     -6.935935     -7.886456
   2.31311     -6.858127     -7.953975
   2.34641     -6.789313     -8.010334
   2.37972     -6.729495     -8.037620
   2.41303     -6.678083     -8.034032
   2.44633     -6.634309     -8.024638
   2.47964     -6.597631     -8.016068
   2.51295     -6.568038     -8.009340
   2.54625     -6.546325     -8.004598
   2.57956     -6.535337     -8.001793
   2.61287     -6.534124     -8.000864
 
# Band-Index:    6
   2.61287     -6.523756     -6.365611
   2.57956     -6.526145     -6.367290
   2.54625     -6.525601     -6.372175
   2.51295     -6.520344     -6.379839
   2.47964     -6.512392     -6.389668
   2.44633     -6.502144     -6.400956
   2.41303     -6.489796     -6.413000
   2.37972     -6.475545     -6.425148
   2.34641     -6.459652     -6.436830
   2.31311     -6.442499     -6.447560
   2.27980     -6.424664     -6.456951
   2.24649     -6.407031     -6.464687
   2.21319     -6.390933     -6.470547
   2.17988     -6.378064     -6.474391
   2.14657     -6.369814     -6.476209
   2.11327     -6.366091     -6.476130
   2.07996     -6.365364     -6.474450
   2.04665     -6.365887     -6.471624
   2.01334     -6.366439     -6.468220
   1.98004     -6.366352     -6.464809
   1.94673     -6.365300     -6.461841
   1.91342     -6.363127     -6.459511
   1.88012     -6.359771     -6.457737
   1.84681     -6.355205     -6.456166
   1.81350     -6.349433     -6.454224
   1.78020     -6.342511     -6.451143
   1.74689     -6.334553     -6.445942
   1.71358     -6.325756     -6.437461
   1.68028     -6.316393     -6.424787
   1.64697     -6.306809     -6.407942
   1.61366     -6.297390     -6.388223
   1.58035     -6.288559     -6.367643
   1.54705     -6.280747     -6.348079
   1.51374     -6.274409     -6.330898
   1.48043     -6.269954     -6.316872
   1.44713     -6.267557     -6.306256
   1.41382     -6.266931     -6.298857
   1.38051     -6.267342     -6.294175
   1.34721     -6.267964     -6.291647
   1.31390     -6.268237     -6.290849
   1.31390     -6.268237     -6.290849
   1.28021     -6.268279     -6.290913
   1.24652     -6.268655     -6.291188
   1.21283     -6.270136     -6.291946
   1.17914     -6.273952     -6.293558
   1.14545     -6.281155     -6.296385
   1.11176     -6.291877     -6.300650
   1.07807     -6.305299     -6.306338
   1.04438     -6.320246     -6.313204
   1.01069     -6.335478     -6.320818
   0.97700     -6.349893     -6.328658
   0.94331     -6.362657     -6.336189
   0.90962     -6.373373     -6.342944
   0.87593     -6.382139     -6.348587
   0.84224     -6.389435     -6.352952
   0.80855     -6.395984     -6.356008
   0.77486     -6.402594     -6.357836
   0.74117     -6.409982     -6.358575
   0.70748     -6.418637     -6.358406
   0.67379     -6.428601     -6.357539
   0.64011     -6.439441     -6.356237
   0.60642     -6.450374     -6.354897
   0.57273     -6.460486     -6.354101
   0.53904     -6.468945     -6.354746
   0.50535     -6.475111     -6.358005
   0.47166     -6.478581     -6.364995
   0.43797     -6.479169     -6.376106
   0.40428     -6.476889     -6.390691
   0.37059     -6.471895     -6.407476
   0.33690     -6.464433     -6.425192
   0.30321     -6.454845     -6.442859
   0.26952     -6.443536     -6.459756
   0.23583     -6.430985     -6.475393
   0.20214     -6.417758     -6.489415
   0.16845     -6.404507     -6.501577
   0.13476     -6.391982     -6.511688
   0.10107     -6.381001     -6.519556
   0.06738     -6.372390     -6.524832
   0.03369     -6.366879     -6.525608
   0.00000     -6.364980     -6.523108
 
# Band-Index:    7
   0.00000     -5.789942     -6.010476
   0.03369     -5.788698     -6.010688
   0.06738     -5.785219     -6.011668
   0.10107     -5.780227     -6.013994
   0.13476     -5.774821     -6.018126
   0.16845     -5.770461     -6.024683
   0.20214     -5.769179     -6.034648
   0.23583     -5.774294     -6.049275
   0.26952     -5.791418     -6.069325
   0.30321     -5.825613     -6.093703
   0.33690     -5.873607     -6.119340
   0.37059     -5.927055     -6.142652
   0.40428     -5.980037     -6.160713
   0.43797     -6.029503     -6.171459
   0.47166     -6.073935     -6.173622
   0.50535     -6.112603     -6.166957
   0.53904     -6.145237     -6.152485
   0.57273     -6.171821     -6.132032
   0.60642     -6.192486     -6.107601
   0.64011     -6.207447     -6.081151
   0.67379     -6.217029     -6.054967
   0.70748     -6.221761     -6.032441
   0.74117     -6.222476     -6.018385
   0.77486     -6.220325     -6.016436
   0.80855     -6.216618     -6.025154
   0.84224     -6.212599     -6.040238
   0.87593     -6.209243     -6.058285
   0.90962     -6.207174     -6.077276
   0.94331     -6.206677     -6.096053
   0.97700     -6.207730     -6.113879
   1.01069     -6.210072     -6.130248
   1.04438     -6.213253     -6.144750
   1.07807     -6.216664     -6.157078
   1.11176     -6.219554     -6.167053
   1.14545     -6.221090     -6.174629
   1.17914     -6.220684     -6.179964
   1.21283     -6.218538     -6.183400
   1.24652     -6.215776     -6.185396
   1.28021     -6.213608     -6.186386
   1.31390     -6.212804     -6.186680
   1.31390     -6.212804     -6.186680
   1.34721     -6.212739     -6.187095
   1.38051     -6.212345     -6.188203
   1.41382     -6.211031     -6.189628
   1.44713     -6.207936     -6.190876
   1.48043     -6.202272     -6.191506
   1.51374     -6.193687     -6.191302
   1.54705     -6.182286     -6.190360
   1.58035     -6.168383     -6.188997
   1.61366     -6.152331     -6.187653
   1.64697     -6.134486     -6.186788
   1.68028     -6.115204     -6.186792
   1.71358     -6.094925     -6.187955
   1.74689     -6.074202     -6.190379
   1.78020     -6.053897     -6.193959
   1.81350     -6.035554     -6.198329
   1.84681     -6.022310     -6.202848
   1.88012     -6.020175     -6.206576
   1.91342     -6.034431     -6.208362
   1.94673     -6.060795     -6.206956
   1.98004     -6.091567     -6.201158
   2.01334     -6.122483     -6.190002
   2.04665     -6.151409     -6.172817
   2.07996     -6.176726     -6.149228
   2.11327     -6.196493     -6.119134
   2.14657     -6.208274     -6.082696
   2.17988     -6.209876     -6.040450
   2.21319     -6.200687     -5.993462
   2.24649     -6.181909     -5.943655
   2.27980     -6.155810     -5.894310
   2.31311     -6.125477     -5.850409
   2.34641     -6.094880     -5.817278
   2.37972     -6.068152     -5.796810
   2.41303     -6.047753     -5.786543
   2.44633     -6.033609     -5.782914
   2.47964     -6.024240     -5.783187
   2.51295     -6.018193     -5.785425
   2.54625     -6.014480     -5.788163
   2.57956     -6.012503     -5.790288
   2.61287     -6.011892     -5.791079
 
# Band-Index:    8
   2.61287     -5.961048     -5.713804
   2.57956     -5.957068     -5.713340
   2.54625     -5.946104     -5.711947
   2.51295     -5.931040     -5.709615
   2.47964     -5.916368     -5.706338
   2.44633     -5.907311     -5.702167
   2.41303     -5.907446     -5.697249
   2.37972     -5.915564     -5.691897
   2.34641     -5.926498     -5.686682
   2.31311     -5.935897     -5.682865
   2.27980     -5.942222     -5.682805
   2.24649     -5.945514     -5.686830
   2.21319     -5.946167     -5.691682
   2.17988     -5.944497     -5.695816
   2.14657     -5.940739     -5.699228
   2.11327     -5.935107     -5.702178
   2.07996     -5.927988     -5.704943
   2.04665     -5.920178     -5.707802
   2.01334     -5.913170     -5.711020
   1.98004     -5.909080     -5.714833
   1.94673     -5.908807     -5.719412
   1.91342     -5.908463     -5.724812
   1.88012     -5.898706     -5.730965
   1.84681     -5.873835     -5.737682
   1.81350     -5.838924     -5.744677
   1.78020     -5.801076     -5.751639
   1.74689     -5.765680     -5.758247
   1.71358     -5.737545     -5.764213
   1.68028     -5.720675     -5.769333
   1.64697     -5.715686     -5.773483
   1.61366     -5.719179     -5.776622
   1.58035     -5.727109     -5.778799
   1.54705     -5.736759     -5.780112
   1.51374     -5.746587     -5.780717
   1.48043     -5.755731     -5.780794
   1.44713     -5.763665     -5.780532
   1.41382     -5.770077     -5.780109
   1.38051     -5.774771     -5.779679
   1.34721     -5.777627     -5.779371
   1.31390     -5.778582     -5.779263
   1.31390     -5.778582     -5.779263
   1.28021     -5.778664     -5.778563
   1.24652     -5.778886     -5.776478
   1.21283     -5.779177     -5.773075
   1.17914     -5.779405     -5.768475
   1.14545     -5.779410     -5.762873
   1.11176     -5.779001     -5.756581
   1.07807     -5.777963     -5.750080
   1.04438     -5.776083     -5.744115
   1.01069     -5.773156     -5.739810
   0.97700     -5.769043     -5.738821
   0.94331     -5.763666     -5.743207
   0.90962     -5.757041     -5.754756
   0.87593     -5.749310     -5.773706
   0.84224     -5.740704     -5.797976
   0.80855     -5.731585     -5.823627
   0.77486     -5.722372     -5.845349
   0.74117     -5.713510     -5.857615
   0.70748     -5.705442     -5.859123
   0.67379     -5.698526     -5.856993
   0.64011     -5.693004     -5.863532
   0.60642     -5.688955     -5.878554
   0.57273     -5.686299     -5.894706
   0.53904     -5.684811     -5.909104
   0.50535     -5.684183     -5.920938
   0.47166     -5.684071     -5.929981
   0.43797     -5.684110     -5.936164
   0.40428     -5.683892     -5.939436
   0.37059     -5.682996     -5.939597
   0.33690     -5.681872     -5.936283
   0.30321     -5.683667     -5.929113
   0.26952     -5.688570     -5.918376
   0.23583     -5.694227     -5.906690
   0.20214     -5.699619     -5.899554
   0.16845     -5.704349     -5.901845
   0.13476     -5.708259     -5.913452
   0.10107     -5.711294     -5.929976
   0.06738     -5.713447     -5.946084
   0.03369     -5.714740     -5.957436
   0.00000     -5.715172     -5.961471
 
# Band-Index:    9
   0.00000     -5.486502     -5.570161
   0.03369     -5.485723     -5.570776
   0.06738     -5.483490     -5.572847
   0.10107     -5.480242     -5.577420
   0.13476     -5.477542     -5.587318
   0.16845     -5.484704     -5.603718
   0.20214     -5.523762     -5.619485
   0.23583     -5.576212     -5.629623
   0.26952     -5.621917     -5.636213
   0.30321     -5.650233     -5.643022
   0.33690     -5.659673     -5.651929
   0.37059     -5.657174     -5.663295
   0.40428     -5.650610     -5.676960
   0.43797     -5.642735     -5.692670
   0.47166     -5.634226     -5.710129
   0.50535     -5.625260     -5.728969
   0.53904     -5.615849     -5.748697
   0.57273     -5.605892     -5.768522
   0.60642     -5.595238     -5.786914
   0.64011     -5.583703     -5.799977
   0.67379     -5.571162     -5.798760
   0.70748     -5.557567     -5.780319
   0.74117     -5.543024     -5.752980
   0.77486     -5.527782     -5.721546
   0.80855     -5.512218     -5.688206
   0.84224     -5.496804     -5.654878
   0.87593     -5.482025     -5.623697
   0.90962     -5.468283     -5.596015
   0.94331     -5.455844     -5.570913
   0.97700     -5.444810     -5.546506
   1.01069     -5.435167     -5.522190
   1.04438     -5.426826     -5.498487
   1.07807     -5.419684     -5.476195
   1.11176     -5.413655     -5.455988
   1.14545     -5.408650     -5.438343
   1.17914     -5.404616     -5.423592
   1.21283     -5.401514     -5.411949
   1.24652     -5.399316     -5.403557
   1.28021     -5.398004     -5.398494
   1.31390     -5.397565     -5.396801
   1.31390     -5.397565     -5.396801
   1.34721     -5.399343     -5.397355
   1.38051     -5.404654     -5.399022
   1.41382     -5.413454     -5.401816
   1.44713     -5.425648     -5.405746
   1.48043     -5.441074     -5.410838
   1.51374     -5.459473     -5.417118
   1.54705     -5.480413     -5.424614
   1.58035     -5.503147     -5.433345
   1.61366     -5.526328     -5.443302
   1.64697     -5.547601     -5.454455
   1.68028     -5.563705     -5.466700
   1.71358     -5.574733     -5.479866
   1.74689     -5.597815     -5.493694
   1.78020     -5.634551     -5.507850
   1.81350     -5.671326     -5.521978
   1.84681     -5.704927     -5.535713
   1.88012     -5.733938     -5.548764
   1.91342     -5.756796     -5.560936
   1.94673     -5.771369     -5.572158
   1.98004     -5.775717     -5.582487
   2.01334     -5.770117     -5.592084
   2.04665     -5.757403     -5.601151
   2.07996     -5.740777     -5.609871
   2.11327     -5.722491     -5.618348
   2.14657     -5.703915     -5.626571
   2.17988     -5.685879     -5.634352
   2.21319     -5.668931     -5.641213
   2.24649     -5.653421     -5.645841
   2.27980     -5.639638     -5.644396
   2.31311     -5.627843     -5.629998
   2.34641     -5.618305     -5.599516
   2.37972     -5.610896     -5.556020
   2.41303     -5.603527     -5.508124
   2.44633     -5.593101     -5.476919
   2.47964     -5.582674     -5.475140
   2.51295     -5.576288     -5.478222
   2.54625     -5.572695     -5.481106
   2.57956     -5.570775     -5.482994
   2.61287     -5.570160     -5.483643
 
# Band-Index:   10
   2.61287     -5.482394     -5.398702
   2.57956     -5.487838     -5.399345
   2.54625     -5.503152     -5.401690
   2.51295     -5.525085     -5.407461
   2.47964     -5.547452     -5.421086
   2.44633     -5.562176     -5.445431
   2.41303     -5.567017     -5.454784
   2.37972     -5.563089     -5.451300
   2.34641     -5.550475     -5.446238
   2.31311     -5.532098     -5.441245
   2.27980     -5.511961     -5.436755
   2.24649     -5.492937     -5.432856
   2.21319     -5.476683     -5.429466
   2.17988     -5.464025     -5.426383
   2.14657     -5.455271     -5.423360
   2.11327     -5.450434     -5.420125
   2.07996     -5.449364     -5.416421
   2.04665     -5.451806     -5.412018
   2.01334     -5.457452     -5.406737
   1.98004     -5.465925     -5.400451
   1.94673     -5.476810     -5.393097
   1.91342     -5.489629     -5.384641
   1.88012     -5.503806     -5.375070
   1.84681     -5.518612     -5.364391
   1.81350     -5.533019     -5.352633
   1.78020     -5.545284     -5.339874
   1.74689     -5.551003     -5.326277
   1.71358     -5.534576     -5.312101
   1.68028     -5.495770     -5.297740
   1.64697     -5.452860     -5.283666
   1.61366     -5.410701     -5.270374
   1.58035     -5.371122     -5.258283
   1.54705     -5.335193     -5.247672
   1.51374     -5.303583     -5.238658
   1.48043     -5.276669     -5.231241
   1.44713     -5.254626     -5.225345
   1.41382     -5.237516     -5.220879
   1.38051     -5.225330     -5.217755
   1.34721     -5.218038     -5.215906
   1.31390     -5.215612     -5.215300
   1.31390     -5.215612     -5.215300
   1.28021     -5.216400     -5.217413
   1.24652     -5.218774     -5.223768
   1.21283     -5.222783     -5.234394
   1.17914     -5.228509     -5.249316
   1.14545     -5.236048     -5.268514
   1.11176     -5.245507     -5.291909
   1.07807     -5.256931     -5.319244
   1.04438     -5.270270     -5.350024
   1.01069     -5.285281     -5.383355
   0.97700     -5.301496     -5.417679
   0.94331     -5.318256     -5.450446
   0.90962     -5.334811     -5.477887
   0.87593     -5.350477     -5.496127
   0.84224     -5.364769     -5.504017
   0.80855     -5.377427     -5.503768
   0.77486     -5.388361     -5.498492
   0.74117     -5.397575     -5.490626
   0.70748     -5.405111     -5.481859
   0.67379     -5.410991     -5.473341
   0.64011     -5.415260     -5.465904
   0.60642     -5.417990     -5.460160
   0.57273     -5.419331     -5.456612
   0.53904     -5.419536     -5.455635
   0.50535     -5.418966     -5.457536
   0.47166     -5.418069     -5.462524
   0.43797     -5.417393     -5.470696
   0.40428     -5.417560     -5.481984
   0.37059     -5.419213     -5.495999
   0.33690     -5.422801     -5.511860
   0.30321     -5.428299     -5.527970
   0.26952     -5.435096     -5.541959
   0.23583     -5.442104     -5.551437
   0.20214     -5.447154     -5.555226
   0.16845     -5.441152     -5.552941
   0.13476     -5.418131     -5.542461
   0.10107     -5.403655     -5.523075
   0.06738     -5.397566     -5.502288
   0.03369     -5.395069     -5.487457
   0.00000     -5.394373     -5.482166
 
# Band-Index:   11
   0.00000     -5.224490     -5.190409
   0.03369     -5.233188     -5.190270
   0.06738     -5.257742     -5.189817
   0.10107     -5.293248     -5.188964
   0.13476     -5.329637     -5.187614
   0.16845     -5.353391     -5.185726
   0.20214     -5.363663     -5.183315
   0.23583     -5.367512     -5.180422
   0.26952     -5.368264     -5.177099
   0.30321     -5.366717     -5.173390
   0.33690     -5.362687     -5.169313
   0.37059     -5.355789     -5.164861
   0.40428     -5.345802     -5.159979
   0.43797     -5.332718     -5.154622
   0.47166     -5.316511     -5.148722
   0.50535     -5.296904     -5.142224
   0.53904     -5.273482     -5.135093
   0.57273     -5.245800     -5.127321
   0.60642     -5.214208     -5.118931
   0.64011     -5.186946     -5.109960
   0.67379     -5.179230     -5.100480
   0.70748     -5.175918     -5.090557
   0.74117     -5.172086     -5.080285
   0.77486     -5.167059     -5.069759
   0.80855     -5.160648     -5.059067
   0.84224     -5.152735     -5.048305
   0.87593     -5.143196     -5.037574
   0.90962     -5.131880     -5.026958
   0.94331     -5.118629     -5.016557
   0.97700     -5.103319     -5.006473
   1.01069     -5.085955     -4.996817
   1.04438     -5.066753     -4.987692
   1.07807     -5.046229     -4.979215
   1.11176     -5.025179     -4.971519
   1.14545     -5.004615     -4.964714
   1.17914     -4.985672     -4.958931
   1.21283     -4.969479     -4.954291
   1.24652     -4.957072     -4.950895
   1.28021     -4.949270     -4.948824
   1.31390     -4.946607     -4.948124
   1.31390     -4.946607     -4.948124
   1.34721     -4.947258     -4.950639
   1.38051     -4.949198     -4.958002
   1.41382     -4.952389     -4.969717
   1.44713     -4.956764     -4.985008
   1.48043     -4.962243     -5.002907
   1.51374     -4.968730     -5.022346
   1.54705     -4.976124     -5.042254
   1.58035     -4.984309     -5.061651
   1.61366     -4.993169     -5.079742
   1.64697     -5.002605     -5.096017
   1.68028     -5.012500     -5.110231
   1.71358     -5.022757     -5.122380
   1.74689     -5.033270     -5.132578
   1.78020     -5.043936     -5.141021
   1.81350     -5.054670     -5.147899
   1.84681     -5.065361     -5.153366
   1.88012     -5.075921     -5.157558
   1.91342     -5.086261     -5.160655
   1.94673     -5.096293     -5.163295
   1.98004     -5.105926     -5.172470
   2.01334     -5.115087     -5.203632
   2.04665     -5.123709     -5.234466
   2.07996     -5.131748     -5.260393
   2.11327     -5.139180     -5.281802
   2.14657     -5.146007     -5.299407
   2.17988     -5.152238     -5.313914
   2.21319     -5.157904     -5.325910
   2.24649     -5.163032     -5.335769
   2.27980     -5.167662     -5.343727
   2.31311     -5.171811     -5.349828
   2.34641     -5.175496     -5.353892
   2.37972     -5.178713     -5.355380
   2.41303     -5.181451     -5.352811
   2.44633     -5.183723     -5.342432
   2.47964     -5.185524     -5.318759
   2.51295     -5.186869     -5.285000
   2.54625     -5.187785     -5.252920
   2.57956     -5.188314     -5.230955
   2.61287     -5.188485     -5.223214
 
# Band-Index:   12
   2.61287     -4.507910     -5.020173
   2.57956     -4.513824     -5.021393
   2.54625     -4.527685     -5.024917
   2.51295     -4.542070     -5.030481
   2.47964     -4.551153     -5.037775
   2.44633     -4.551670     -5.046521
   2.41303     -4.542125     -5.056426
   2.37972     -4.522056     -5.067191
   2.34641     -4.491614     -5.078480
   2.31311     -4.451468     -5.089958
   2.27980     -4.402891     -5.101300
   2.24649     -4.348256     -5.112192
   2.21319     -4.294463     -5.122358
   2.17988     -4.271288     -5.131552
   2.14657     -4.278090     -5.139589
   2.11327     -4.288914     -5.146313
   2.07996     -4.299221     -5.151606
   2.04665     -4.308023     -5.155313
   2.01334     -4.314926     -5.156911
   1.98004     -4.319711     -5.151001
   1.94673     -4.322254     -5.114646
   1.91342     -4.322475     -5.062926
   1.88012     -4.320328     -5.002844
   1.84681     -4.315793     -4.935450
   1.81350     -4.308860     -4.861758
   1.78020     -4.299544     -4.783127
   1.74689     -4.287892     -4.701267
   1.71358     -4.273977     -4.618213
   1.68028     -4.257906     -4.536086
   1.64697     -4.239891     -4.457111
   1.61366     -4.220191     -4.383322
   1.58035     -4.199166     -4.316443
   1.54705     -4.177346     -4.257722
   1.51374     -4.155390     -4.207854
   1.48043     -4.134154     -4.167008
   1.44713     -4.114620     -4.134899
   1.41382     -4.097884     -4.110973
   1.38051     -4.085007     -4.094547
   1.34721     -4.076890     -4.085003
   1.31390     -4.074129     -4.081877
   1.31390     -4.074129     -4.081877
   1.28021     -4.077417     -4.084839
   1.24652     -4.087389     -4.093479
   1.21283     -4.104335     -4.107123
   1.17914     -4.128723     -4.124808
   1.14545     -4.161128     -4.145400
   1.11176     -4.202192     -4.167796
   1.07807     -4.252288     -4.190978
   1.04438     -4.311414     -4.214108
   1.01069     -4.378971     -4.236492
   0.97700     -4.453679     -4.257590
   0.94331     -4.533727     -4.276997
   0.90962     -4.616952     -4.294391
   0.87593     -4.701078     -4.309535
   0.84224     -4.783875     -4.322256
   0.80855     -4.863328     -4.332439
   0.77486     -4.937759     -4.340015
   0.74117     -5.005838     -4.344956
   0.70748     -5.066617     -4.347253
   0.67379     -5.119088     -4.346946
   0.64011     -5.158405     -4.344091
   0.60642     -5.169836     -4.338803
   0.57273     -5.169250     -4.331235
   0.53904     -5.165656     -4.321596
   0.50535     -5.160157     -4.310199
   0.47166     -5.153037     -4.297664
   0.43797     -5.144456     -4.285703
   0.40428     -5.134566     -4.282479
   0.37059     -5.123557     -4.315751
   0.33690     -5.111653     -4.370799
   0.30321     -5.099147     -4.423876
   0.26952     -5.086362     -4.469342
   0.23583     -5.073675     -4.505034
   0.20214     -5.061479     -4.529845
   0.16845     -5.050158     -4.543330
   0.13476     -5.040100     -4.545768
   0.10107     -5.031664     -4.538532
   0.06738     -5.025208     -4.524881
   0.03369     -5.021101     -4.510914
   0.00000     -5.019680     -4.504792
 
# Band-Index:   13
   0.00000     -4.559379     -4.206364
   0.03369     -4.556335     -4.196368
   0.06738     -4.547493     -4.173006
   0.10107     -4.533558     -4.151041
   0.13476     -4.515337     -4.142092
   0.16845     -4.493583     -4.145101
   0.20214     -4.468997     -4.154752
   0.23583     -4.442300     -4.168051
   0.26952     -4.414310     -4.183437
   0.30321     -4.385898     -4.199715
   0.33690     -4.357951     -4.215342
   0.37059     -4.331283     -4.225894
   0.40428     -4.306532     -4.209440
   0.43797     -4.284117     -4.154040
   0.47166     -4.264210     -4.093945
   0.50535     -4.246729     -4.063272
   0.53904     -4.231420     -4.059817
   0.57273     -4.217901     -4.059953
   0.60642     -4.205720     -4.059777
   0.64011     -4.194420     -4.058470
   0.67379     -4.183544     -4.055728
   0.70748     -4.172690     -4.051457
   0.74117     -4.161517     -4.045714
   0.77486     -4.149760     -4.038708
   0.80855     -4.137229     -4.030777
   0.84224     -4.123819     -4.022368
   0.87593     -4.109511     -4.013952
   0.90962     -4.094376     -4.005928
   0.94331     -4.078581     -3.998549
   0.97700     -4.062379     -3.991904
   1.01069     -4.046134     -3.985974
   1.04438     -4.030262     -3.980661
   1.07807     -4.015244     -3.975880
   1.11176     -4.001547     -3.971572
   1.14545     -3.989581     -3.967722
   1.17914     -3.979646     -3.964363
   1.21283     -3.971898     -3.961559
   1.24652     -3.966391     -3.959417
   1.28021     -3.963101     -3.958051
   1.31390     -3.962016     -3.957586
   1.31390     -3.962016     -3.957586
   1.34721     -3.962432     -3.958640
   1.38051     -3.963627     -3.961737
   1.41382     -3.965392     -3.966665
   1.44713     -3.967539     -3.973187
   1.48043     -3.969928     -3.981093
   1.51374     -3.972475     -3.990222
   1.54705     -3.975175     -4.000470
   1.58035     -3.978064     -4.011696
   1.61366     -3.981245     -4.023741
   1.64697     -3.984899     -4.036423
   1.68028     -3.989268     -4.049531
   1.71358     -3.994609     -4.062867
   1.74689     -4.001110     -4.076262
   1.78020     -4.008793     -4.089604
   1.81350     -4.017444     -4.102857
   1.84681     -4.026611     -4.116043
   1.88012     -4.035748     -4.129280
   1.91342     -4.044330     -4.142750
   1.94673     -4.051975     -4.156704
   1.98004     -4.058501     -4.171458
   2.01334     -4.063998     -4.187367
   2.04665     -4.069047     -4.204795
   2.07996     -4.076064     -4.224094
   2.11327     -4.096599     -4.245547
   2.14657     -4.145058     -4.269306
   2.17988     -4.200641     -4.295347
   2.21319     -4.226720     -4.323422
   2.24649     -4.218777     -4.353043
   2.27980     -4.204356     -4.383508
   2.31311     -4.188869     -4.413938
   2.34641     -4.173847     -4.443367
   2.37972     -4.160329     -4.470844
   2.41303     -4.149509     -4.495502
   2.44633     -4.143219     -4.516647
   2.47964     -4.144592     -4.533795
   2.51295     -4.157000     -4.546735
   2.54625     -4.178268     -4.555550
   2.57956     -4.198833     -4.560579
   2.61287     -4.207446     -4.562195
 
# Band-Index:   14
   2.61287     -4.076993     -3.864101
   2.57956     -4.077027     -3.855858
   2.54625     -4.076612     -3.832138
   2.51295     -4.074158     -3.795618
   2.47964     -4.068033     -3.749846
   2.44633     -4.059893     -3.698498
   2.41303     -4.053291     -3.644914
   2.37972     -4.049676     -3.591829
   2.34641     -4.048672     -3.541111
   2.31311     -4.049442     -3.493585
   2.27980     -4.051181     -3.449101
   2.24649     -4.053215     -3.407003
   2.21319     -4.054908     -3.366887
   2.17988     -4.055401     -3.329145
   2.14657     -4.052673     -3.295246
   2.11327     -4.038109     -3.267303
   2.07996     -3.997548     -3.246969
   2.04665     -3.948215     -3.234647
   2.01334     -3.903254     -3.229553
   1.98004     -3.865582     -3.230325
   1.94673     -3.835265     -3.235508
   1.91342     -3.810983     -3.243669
   1.88012     -3.790692     -3.253502
   1.84681     -3.771990     -3.263767
   1.81350     -3.752525     -3.273305
   1.78020     -3.730270     -3.281033
   1.74689     -3.703768     -3.285924
   1.71358     -3.672281     -3.287069
   1.68028     -3.635798     -3.283691
   1.64697     -3.594976     -3.275268
   1.61366     -3.550959     -3.261665
   1.58035     -3.505252     -3.243353
   1.54705     -3.459563     -3.221786
   1.51374     -3.415712     -3.200729
   1.48043     -3.375471     -3.192633
   1.44713     -3.340445     -3.211006
   1.41382     -3.311989     -3.236200
   1.38051     -3.291116     -3.256747
   1.34721     -3.278433     -3.269757
   1.31390     -3.274188     -3.274191
   1.31390     -3.274188     -3.274191
   1.28021     -3.269649     -3.278438
   1.24652     -3.256294     -3.291115
   1.21283     -3.235035     -3.311951
   1.17914     -3.208295     -3.340268
   1.14545     -3.186590     -3.374936
   1.11176     -3.192743     -3.414465
   1.07807     -3.211811     -3.457088
   1.04438     -3.230291     -3.500901
   1.01069     -3.244746     -3.544004
   0.97700     -3.253985     -3.584622
   0.94331     -3.257802     -3.621306
   0.90962     -3.256540     -3.653051
   0.87593     -3.250912     -3.679463
   0.84224     -3.241834     -3.700839
   0.80855     -3.230335     -3.718150
   0.77486     -3.217566     -3.732991
   0.74117     -3.204767     -3.747430
   0.70748     -3.193304     -3.763872
   0.67379     -3.184710     -3.784818
   0.64011     -3.180699     -3.812550
   0.60642     -3.183190     -3.848707
   0.57273     -3.194115     -3.893850
   0.53904     -3.214808     -3.946852
   0.50535     -3.245102     -4.002411
   0.47166     -3.282969     -4.034484
   0.43797     -3.325489     -4.037063
   0.40428     -3.370144     -4.033946
   0.37059     -3.415388     -4.029690
   0.33690     -3.460731     -4.025480
   0.30321     -3.506531     -4.022132
   0.26952     -3.553547     -4.020540
   0.23583     -3.602416     -4.021847
   0.20214     -3.652983     -4.027496
   0.16845     -3.703913     -4.038660
   0.13476     -3.752750     -4.054455
   0.10107     -3.796254     -4.069004
   0.06738     -3.830871     -4.076158
   0.03369     -3.853268     -4.078021
   0.00000     -3.861034     -4.078259
 
# Band-Index:   15
   0.00000     -3.425803     -3.763840
   0.03369     -3.424130     -3.759713
   0.06738     -3.418993     -3.746452
   0.10107     -3.410089     -3.721737
   0.13476     -3.396918     -3.683144
   0.16845     -3.378871     -3.630152
   0.20214     -3.355404     -3.565084
   0.23583     -3.326312     -3.491895
   0.26952     -3.292094     -3.414613
   0.30321     -3.254059     -3.336655
   0.33690     -3.214062     -3.260774
   0.37059     -3.173968     -3.189204
   0.40428     -3.135099     -3.123659
   0.43797     -3.097919     -3.065257
   0.47166     -3.061762     -3.014237
   0.50535     -3.024870     -2.969782
   0.53904     -2.984962     -2.930034
   0.57273     -2.940461     -2.892488
   0.60642     -2.891444     -2.854687
   0.64011     -2.839296     -2.814910
   0.67379     -2.785833     -2.772545
   0.70748     -2.732799     -2.728036
   0.74117     -2.682030     -2.682559
   0.77486     -2.638400     -2.637761
   0.80855     -2.638736     -2.596133
   0.84224     -2.682773     -2.567366
   0.87593     -2.734506     -2.584563
   0.90962     -2.789260     -2.627305
   0.94331     -2.845542     -2.675348
   0.97700     -2.902220     -2.725346
   1.01069     -2.958187     -2.775980
   1.04438     -3.012217     -2.826201
   1.07807     -3.062721     -2.874982
   1.11176     -3.106476     -2.921201
   1.14545     -3.130774     -2.963630
   1.17914     -3.121824     -3.000939
   1.21283     -3.103646     -3.031745
   1.24652     -3.087780     -3.054746
   1.28021     -3.077387     -3.068944
   1.31390     -3.073786     -3.073736
   1.31390     -3.073786     -3.073736
   1.34721     -3.068986     -3.077324
   1.38051     -3.054783     -3.087683
   1.41382     -3.031803     -3.103453
   1.44713     -3.001060     -3.121141
   1.48043     -2.963854     -3.128410
   1.51374     -2.921553     -3.104543
   1.54705     -2.875475     -3.061986
   1.58035     -2.826834     -3.012346
   1.61366     -2.776714     -2.958986
   1.64697     -2.726131     -2.903580
   1.68028     -2.676048     -2.847352
   1.71358     -2.627651     -2.791385
   1.74689     -2.584216     -2.736711
   1.78020     -2.576258     -2.684497
   1.81350     -2.615941     -2.638272
   1.84681     -2.663572     -2.650847
   1.88012     -2.713649     -2.701314
   1.91342     -2.764260     -2.755602
   1.94673     -2.813782     -2.811704
   1.98004     -2.860875     -2.868407
   2.01334     -2.904806     -2.924421
   2.04665     -2.945738     -2.978288
   2.07996     -2.984834     -3.028573
   2.11327     -3.024018     -3.074274
   2.14657     -3.065487     -3.115474
   2.17988     -3.111195     -3.153467
   2.21319     -3.162442     -3.189919
   2.24649     -3.219679     -3.225821
   2.27980     -3.282569     -3.261090
   2.31311     -3.350042     -3.294712
   2.34641     -3.420392     -3.325280
   2.37972     -3.491305     -3.351647
   2.41303     -3.559849     -3.373345
   2.44633     -3.622490     -3.390503
   2.47964     -3.675536     -3.403577
   2.51295     -3.716188     -3.413107
   2.54625     -3.743668     -3.419562
   2.57956     -3.759080     -3.423293
   2.61287     -3.763984     -3.424515
 
# Band-Index:   16
   2.61287     -2.396970     -2.601884
   2.57956     -2.395509     -2.600033
   2.54625     -2.391209     -2.594553
   2.51295     -2.384312     -2.585641
   2.47964     -2.375194     -2.573610
   2.44633     -2.364343     -2.558889
   2.41303     -2.352323     -2.542003
   2.37972     -2.339753     -2.523574
   2.34641     -2.327230     -2.504272
   2.31311     -2.315341     -2.484833
   2.27980     -2.304624     -2.466051
   2.24649     -2.295527     -2.448714
   2.21319     -2.288449     -2.433642
   2.17988     -2.283747     -2.421622
   2.14657     -2.281841     -2.413452
   2.11327     -2.283144     -2.409805
   2.07996     -2.288159     -2.411321
   2.04665     -2.297294     -2.418464
   2.01334     -2.310873     -2.431565
   1.98004     -2.329050     -2.450757
   1.94673     -2.351845     -2.476012
   1.91342     -2.379114     -2.507064
   1.88012     -2.410596     -2.543376
   1.84681     -2.445838     -2.583242
   1.81350     -2.483884     -2.592574
   1.78020     -2.519837     -2.550170
   1.74689     -2.514195     -2.508311
   1.71358     -2.478873     -2.469730
   1.68028     -2.443831     -2.434646
   1.64697     -2.411541     -2.402981
   1.61366     -2.382148     -2.374499
   1.58035     -2.355493     -2.348936
   1.54705     -2.331342     -2.325987
   1.51374     -2.309583     -2.305467
   1.48043     -2.290249     -2.287313
   1.44713     -2.273517     -2.271614
   1.41382     -2.259779     -2.258688
   1.38051     -2.249481     -2.248957
   1.34721     -2.243068     -2.242871
   1.31390     -2.240900     -2.240812
   1.31390     -2.240900     -2.240812
   1.28021     -2.242889     -2.242890
   1.24652     -2.248729     -2.249017
   1.21283     -2.258068     -2.258877
   1.17914     -2.270424     -2.272005
   1.14545     -2.285358     -2.287945
   1.11176     -2.302577     -2.306329
   1.07807     -2.321964     -2.326931
   1.04438     -2.343589     -2.349693
   1.01069     -2.367646     -2.374680
   0.97700     -2.394426     -2.402036
   0.94331     -2.424190     -2.431819
   0.90962     -2.457140     -2.463684
   0.87593     -2.493272     -2.495050
   0.84224     -2.532073     -2.506221
   0.80855     -2.569697     -2.477063
   0.77486     -2.570699     -2.440553
   0.74117     -2.535109     -2.405874
   0.70748     -2.499768     -2.374725
   0.67379     -2.469140     -2.347773
   0.64011     -2.444200     -2.325398
   0.60642     -2.425339     -2.307819
   0.57273     -2.412639     -2.295058
   0.53904     -2.405981     -2.286912
   0.50535     -2.405031     -2.282919
   0.47166     -2.409299     -2.282453
   0.43797     -2.418157     -2.284904
   0.40428     -2.430891     -2.289835
   0.37059     -2.446702     -2.296959
   0.33690     -2.464771     -2.306043
   0.30321     -2.484280     -2.316800
   0.26952     -2.504408     -2.328804
   0.23583     -2.524362     -2.341523
   0.20214     -2.543398     -2.354358
   0.16845     -2.560815     -2.366656
   0.13476     -2.575995     -2.377790
   0.10107     -2.588395     -2.387157
   0.06738     -2.597574     -2.394243
   0.03369     -2.603224     -2.398670
   0.00000     -2.605130     -2.400174
 
# Band-Index:   17
   0.00000     -0.131420     -1.289887
   0.03369     -0.132986     -1.295094
   0.06738     -0.137672     -1.310499
   0.10107     -0.145391     -1.335523
   0.13476     -0.155979     -1.369194
   0.16845     -0.169217     -1.410198
   0.20214     -0.184843     -1.456899
   0.23583     -0.202490     -1.507331
   0.26952     -0.221772     -1.559287
   0.30321     -0.242213     -1.610308
   0.33690     -0.263296     -1.657735
   0.37059     -0.284467     -1.698863
   0.40428     -0.305088     -1.730977
   0.43797     -0.324564     -1.751638
   0.47166     -0.342261     -1.758851
   0.50535     -0.357570     -1.751287
   0.53904     -0.370019     -1.728520
   0.57273     -0.379159     -1.690992
   0.60642     -0.384710     -1.639932
   0.64011     -0.386497     -1.576993
   0.67379     -0.384539     -1.503992
   0.70748     -0.378949     -1.422694
   0.74117     -0.370015     -1.334719
   0.77486     -0.358141     -1.241637
   0.80855     -0.343765     -1.144891
   0.84224     -0.327397     -1.045931
   0.87593     -0.309557     -0.946155
   0.90962     -0.290782     -0.846940
   0.94331     -0.271565     -0.749700
   0.97700     -0.252367     -0.655747
   1.01069     -0.233675     -0.566398
   1.04438     -0.215866     -0.482882
   1.07807     -0.199291     -0.406353
   1.11176     -0.184282     -0.337891
   1.14545     -0.171134     -0.278408
   1.17914     -0.160061     -0.228705
   1.21283     -0.151254     -0.189406
   1.24652     -0.144860     -0.161024
   1.28021     -0.140979     -0.143842
   1.31390     -0.139674     -0.138113
   1.31390     -0.139674     -0.138113
   1.34721     -0.145466     -0.139380
   1.38051     -0.162708     -0.143164
   1.41382     -0.191206     -0.149410
   1.44713     -0.230519     -0.158020
   1.48043     -0.280070     -0.168825
   1.51374     -0.339132     -0.181655
   1.54705     -0.406809     -0.196292
   1.58035     -0.482003     -0.212448
   1.61366     -0.563502     -0.229812
   1.64697     -0.650039     -0.248026
   1.68028     -0.740237     -0.266703
   1.71358     -0.832682     -0.285389
   1.74689     -0.925943     -0.303644
   1.78020     -1.018619     -0.320955
   1.81350     -1.109362     -0.336822
   1.84681     -1.196867     -0.350770
   1.88012     -1.279930     -0.362238
   1.91342     -1.357439     -0.370850
   1.94673     -1.428316     -0.376219
   1.98004     -1.491467     -0.378098
   2.01334     -1.545834     -0.376357
   2.04665     -1.590339     -0.370998
   2.07996     -1.624020     -0.362168
   2.11327     -1.646114     -0.350175
   2.14657     -1.656232     -0.335416
   2.17988     -1.654535     -0.318363
   2.21319     -1.641746     -0.299558
   2.24649     -1.619142     -0.279589
   2.27980     -1.588481     -0.259064
   2.31311     -1.551801     -0.238553
   2.34641     -1.511344     -0.218616
   2.37972     -1.469328     -0.199771
   2.41303     -1.427925     -0.182459
   2.44633     -1.389168     -0.167117
   2.47964     -1.354833     -0.154083
   2.51295     -1.326457     -0.143647
   2.54625     -1.305276     -0.136029
   2.57956     -1.292202     -0.131401
   2.61287     -1.287776     -0.129845
 
# Band-Index:   18
   2.61287      2.299012      1.600013
   2.57956      2.298275      1.594052
   2.54625      2.296097      1.576526
   2.51295      2.292535      1.548424
   2.47964      2.287701      1.511316
   2.44633      2.281738      1.467189
   2.41303      2.274830      1.418290
   2.37972      2.267169      1.366966
   2.34641      2.259036      1.315598
   2.31311      2.250646      1.266444
   2.27980      2.242287      1.221535
   2.24649      2.234237      1.182713
   2.21319      2.226758      1.151497
   2.17988      2.220111      1.129114
   2.14657      2.214553      1.116432
   2.11327      2.210274      1.113986
   2.07996      2.207437      1.121998
   2.04665      2.206174      1.140361
   2.01334      2.206601      1.168730
   1.98004      2.208754      1.206546
   1.94673      2.212620      1.253068
   1.91342      2.218148      1.307446
   1.88012      2.225251      1.368689
   1.84681      2.233752      1.435757
   1.81350      2.243548      1.507573
   1.78020      2.254322      1.583055
   1.74689      2.265889      1.661005
   1.71358      2.278002      1.740278
   1.68028      2.290393      1.819662
   1.64697      2.302813      1.897928
   1.61366      2.314987      1.973818
   1.58035      2.326675      2.046022
   1.54705      2.337622      2.113240
   1.51374      2.347607      2.173995
   1.48043      2.356371      2.226374
   1.44713      2.361788      2.266501
   1.41382      2.300431      2.278436
   1.38051      2.252104      2.249900
   1.34721      2.222648      2.222606
   1.31390      2.212725      2.212735
   1.31390      2.212725      2.212735
   1.28021      2.223297      2.222789
   1.24652      2.253375      2.252652
   1.21283      2.288635      2.301353
   1.17914      2.276977      2.356510
   1.14545      2.235664      2.354128
   1.11176      2.182874      2.345846
   1.07807      2.121872      2.336131
   1.04438      2.054195      2.325404
   1.01069      1.981150      2.313945
   0.97700      1.903949      2.301994
   0.94331      1.823774      2.289771
   0.90962      1.741844      2.277593
   0.87593      1.659337      2.265707
   0.84224      1.577515      2.254353
   0.80855      1.497586      2.243787
   0.77486      1.420781      2.234242
   0.74117      1.348392      2.225927
   0.70748      1.281644      2.219000
   0.67379      1.221826      2.213624
   0.64011      1.170098      2.209915
   0.60642      1.127581      2.207878
   0.57273      1.095277      2.207548
   0.53904      1.073942      2.208854
   0.50535      1.064107      2.211736
   0.47166      1.065959      2.216023
   0.43797      1.079355      2.221605
   0.40428      1.103703      2.228243
   0.37059      1.138031      2.235689
   0.33690      1.181001      2.243718
   0.30321      1.230840      2.252028
   0.26952      1.285520      2.260359
   0.23583      1.342697      2.268450
   0.20214      1.399834      2.276028
   0.16845      1.454319      2.282892
   0.13476      1.503478      2.288808
   0.10107      1.544823      2.293600
   0.06738      1.576144      2.297130
   0.03369      1.595685      2.299285
   0.00000      1.602337      2.300006
 
# Band-Index:   19
   0.00000      5.142609      4.980698
   0.03369      5.146938      4.982636
   0.06738      5.159713      4.988461
   0.10107      5.180156      4.998029
   0.13476      5.207253      5.011258
   0.16845      5.239705      5.027950
   0.20214      5.276045      5.047757
   0.23583      5.314777      5.070219
   0.26952      5.354285      5.094594
   0.30321      5.392782      5.119832
   0.33690      5.427884      5.144186
   0.37059      5.456004      5.164855
   0.40428      5.471975      5.177847
   0.43797      5.467748      5.177061
   0.47166      5.434035      5.154993
   0.50535      5.365811      5.105521
   0.53904      5.265592      5.026706
   0.57273      5.140953      4.921928
   0.60642      4.999319      4.797075
   0.64011      4.846078      4.657808
   0.67379      4.684796      4.508467
   0.70748      4.518048      4.352372
   0.74117      4.347555      4.191789
   0.77486      4.174699      4.028512
   0.80855      4.000837      3.864128
   0.84224      3.827041      3.699903
   0.87593      3.654488      3.537122
   0.90962      3.484456      3.377130
   0.94331      3.318253      3.221227
   0.97700      3.157264      3.070767
   1.01069      3.003017      2.927188
   1.04438      2.857223      2.792080
   1.07807      2.721863      2.667146
   1.11176      2.598985      2.554114
   1.14545      2.491214      2.454970
   1.17914      2.402819      2.375673
   1.21283      2.353110      2.369284
   1.24652      2.360318      2.373059
   1.28021      2.373206      2.375534
   1.31390      2.377948      2.376385
   1.31390      2.377948      2.376385
   1.34721      2.377068      2.371934
   1.38051      2.374433      2.360730
   1.41382      2.370134      2.358473
   1.44713      2.369078      2.406215
   1.48043      2.449870      2.490811
   1.51374      2.547691      2.595394
   1.54705      2.658902      2.715152
   1.58035      2.781736      2.847383
   1.61366      2.914590      2.990029
   1.64697      3.055659      3.141040
   1.68028      3.203523      3.298831
   1.71358      3.356619      3.461736
   1.74689      3.513615      3.628402
   1.78020      3.673272      3.797584
   1.81350      3.834222      3.967966
   1.84681      3.995136      4.138306
   1.88012      4.154686      4.307441
   1.91342      4.311371      4.474094
   1.94673      4.463390      4.636787
   1.98004      4.608602      4.793841
   2.01334      4.744010      4.942734
   2.04665      4.865986      5.080346
   2.07996      4.969976      5.202189
   2.11327      5.051510      5.302682
   2.14657      5.107753      5.376219
   2.17988      5.139298      5.419975
   2.21319      5.150280      5.436309
   2.24649      5.146470      5.431419
   2.27980      5.133202      5.412032
   2.31311      5.114634      5.383565
   2.34641      5.093699      5.349930
   2.37972      5.072508      5.314075
   2.41303      5.052395      5.278147
   2.44633      5.034196      5.243910
   2.47964      5.018639      5.213122
   2.51295      5.006171      5.187299
   2.54625      4.997068      5.167760
   2.57956      4.991516      5.155554
   2.61287      4.989642      5.151393
 
# Band-Index:   20
   2.61287      6.930359      7.047990
   2.57956      6.924675      7.042075
   2.54625      6.907608      7.024332
   2.51295      6.878992      6.994642
   2.47964      6.838830      6.953082
   2.44633      6.787284      6.899885
   2.41303      6.724876      6.835655
   2.37972      6.652588      6.761439
   2.34641      6.572026      6.678914
   2.31311      6.485432      6.590496
   2.27980      6.395737      6.499414
   2.24649      6.306859      6.410214
   2.21319      6.223949      6.329138
   2.17988      6.153309      6.263815
   2.14657      6.101408      6.221196
   2.11327      6.072997      6.204371
   2.07996      6.069299      6.211347
   2.04665      6.087786      6.237025
   2.01334      6.124294      6.276400
   1.98004      6.174527      6.325494
   1.94673      6.234875      6.381467
   1.91342      6.302559      6.442326
   1.88012      6.375253      6.506419
   1.84681      6.451106      6.572493
   1.81350      6.528588      6.639444
   1.78020      6.606137      6.706081
   1.74689      6.682500      6.771450
   1.71358      6.756368      6.834455
   1.68028      6.826615      6.894147
   1.64697      6.892021      6.949427
   1.61366      6.951569      6.999382
   1.58035      7.004493      7.043341
   1.54705      7.050092      7.080685
   1.51374      7.088086      7.111201
   1.48043      7.118429      7.134939
   1.44713      7.141562      7.152443
   1.41382      7.158201      7.164541
   1.38051      7.169213      7.172215
   1.34721      7.175417      7.176375
   1.31390      7.177427      7.177702
   1.31390      7.177427      7.177702
   1.28021      7.176198      7.175976
   1.24652      7.172223      7.170529
   1.21283      7.164768      7.160628
   1.17914      7.152682      7.145135
   1.14545      7.134836      7.122928
   1.11176      7.110151      7.092948
   1.07807      7.078020      7.054585
   1.04438      7.038283      7.007701
   1.01069      6.991194      6.952570
   0.97700      6.937385      6.889873
   0.94331      6.877747      6.820561
   0.90962      6.813389      6.745839
   0.87593      6.745279      6.666824
   0.84224      6.674758      6.585028
   0.80855      6.602900      6.501765
   0.77486      6.530830      6.418468
   0.74117      6.459665      6.336660
   0.70748      6.390582      6.258010
   0.67379      6.324916      6.184506
   0.64011      6.264239      6.118555
   0.60642      6.210769      6.063391
   0.57273      6.167604      6.023214
   0.53904      6.139751      6.003545
   0.50535      6.133943      6.009905
   0.47166      6.157204      6.045348
   0.43797      6.211358      6.107451
   0.40428      6.290127      6.189033
   0.37059      6.383524      6.281937
   0.33690      6.482817      6.379305
   0.30321      6.581516      6.475719
   0.26952      6.675501      6.567471
   0.23583      6.761944      6.651867
   0.20214      6.838713      6.726814
   0.16845      6.904509      6.790990
   0.13476      6.958426      6.843516
   0.10107      7.000231      6.884167
   0.06738      7.029877      6.912949
   0.03369      7.047498      6.930031
   0.00000      7.053340      6.935684
 
# Band-Index:   21
   0.00000      9.445068      9.511198
   0.03369      9.450979      9.516824
   0.06738      9.469008      9.534013
   0.10107      9.499978      9.563625
   0.13476      9.544987      9.606828
   0.16845      9.605127      9.664777
   0.20214      9.681083      9.738241
   0.23583      9.773077      9.827520
   0.26952      9.880716      9.932305
   0.30321     10.003083     10.051766
   0.33690     10.138767     10.184560
   0.37059     10.285684     10.328678
   0.40428     10.440720     10.481045
   0.43797     10.597330     10.634926
   0.47166     10.732836     10.765683
   0.50535     10.774405     10.794437
   0.53904     10.706583     10.716013
   0.57273     10.597040     10.600116
   0.60642     10.470440     10.468990
   0.64011     10.334277     10.329341
   0.67379     10.192255     10.184547
   0.70748     10.046829     10.036911
   0.74117      9.899936      9.888266
   0.77486      9.753213      9.740185
   0.80855      9.608251      9.594244
   0.84224      9.466462      9.451840
   0.87593      9.329249      9.314378
   0.90962      9.198025      9.183273
   0.94331      9.074024      9.059768
   0.97700      8.958680      8.945284
   1.01069      8.853157      8.840953
   1.04438      8.758589      8.747866
   1.07807      8.675870      8.666869
   1.11176      8.605598      8.598433
   1.14545      8.547904      8.542586
   1.17914      8.502307      8.498744
   1.21283      8.468373      8.466314
   1.24652      8.445026      8.444132
   1.28021      8.431570      8.431419
   1.31390      8.427082      8.427194
   1.31390      8.427082      8.427194
   1.34721      8.431996      8.432226
   1.38051      8.446745      8.447374
   1.41382      8.471925      8.473189
   1.44713      8.508271      8.510395
   1.48043      8.556405      8.559564
   1.51374      8.616795      8.621111
   1.54705      8.689576      8.695103
   1.58035      8.774595      8.781310
   1.61366      8.871303      8.879112
   1.64697      8.978926      8.987653
   1.68028      9.096425      9.105842
   1.71358      9.222616      9.232443
   1.74689      9.356224      9.366180
   1.78020      9.496027      9.505793
   1.81350      9.640702      9.649959
   1.84681      9.788826      9.797251
   1.88012      9.938905      9.946158
   1.91342     10.089215     10.094927
   1.94673     10.237759     10.241502
   1.98004     10.381881     10.383129
   2.01334     10.517685     10.515727
   2.04665     10.638533     10.632362
   2.07996     10.730772     10.718834
   2.11327     10.765940     10.746324
   2.14657     10.715750     10.688715
   2.17988     10.601501     10.569447
   2.21319     10.462413     10.426638
   2.24649     10.319022     10.279888
   2.27980     10.180146     10.137714
   2.31311     10.050307     10.004565
   2.34641      9.932288      9.883248
   2.37972      9.827919      9.775650
   2.41303      9.738340      9.682971
   2.44633      9.663979      9.605724
   2.47964      9.604833      9.544006
   2.51295      9.560334      9.497353
   2.54625      9.529586      9.464971
   2.57956      9.511626      9.445988
   2.61287      9.505768      9.439778
 
# Band-Index:   22
   2.61287     11.168886     11.073803
   2.57956     11.174977     11.079911
   2.54625     11.192888     11.097893
   2.51295     11.220957     11.126281
   2.47964     11.256634     11.162794
   2.44633     11.296582     11.204440
   2.41303     11.336745     11.247532
   2.37972     11.372514     11.287784
   2.34641     11.399284     11.320810
   2.31311     11.412609     11.342154
   2.27980     11.409131     11.348094
   2.24649     11.387621     11.336698
   2.21319     11.350332     11.309280
   2.17988     11.305635     11.273130
   2.14657     11.274805     11.248107
   2.11327     11.298636     11.273724
   2.07996     11.400196     11.375247
   2.04665     11.552766     11.528325
   2.01334     11.729375     11.705868
   1.98004     11.917642     11.895183
   1.94673     12.111768     12.090370
   1.91342     12.308719     12.288390
   1.88012     12.506185     12.486970
   1.84681     12.702646     12.684632
   1.81350     12.896594     12.879913
   1.78020     13.086728     13.071526
   1.74689     13.271532     13.258009
   1.71358     13.449442     13.437747
   1.68028     13.618742     13.608998
   1.64697     13.777433     13.769684
   1.61366     13.923730     13.917922
   1.58035     14.055558     14.051526
   1.54705     14.171514     14.168961
   1.51374     14.270287     14.268857
   1.48043     14.351465     14.350780
   1.44713     14.415454     14.415188
   1.41382     14.463212     14.463137
   1.38051     14.496055     14.496039
   1.34721     14.515176     14.515166
   1.31390     14.521417     14.521396
   1.31390     14.521417     14.521396
   1.28021     14.515089     14.515016
   1.24652     14.495632     14.495443
   1.21283     14.461990     14.461686
   1.17914     14.412688     14.412380
   1.14545     14.346139     14.346074
   1.11176     14.261167     14.261717
   1.07807     14.157498     14.159102
   1.04438     14.035683     14.038758
   1.01069     13.897248     13.902122
   0.97700     13.744192     13.751084
   0.94331     13.578676     13.587655
   0.90962     13.402989     13.414027
   0.87593     13.219051     13.232055
   0.84224     13.028616     13.043457
   0.80855     12.833116     12.849645
   0.77486     12.633896     12.651984
   0.74117     12.432298     12.451811
   0.70748     12.229347     12.250188
   0.67379     12.026221     12.048328
   0.64011     11.824404     11.847745
   0.60642     11.625459     11.649936
   0.57273     11.432145     11.457528
   0.53904     11.251023     11.276459
   0.50535     11.105699     11.128104
   0.47166     11.062732     11.081183
   0.43797     11.105852     11.129756
   0.40428     11.161371     11.194002
   0.37059     11.206945     11.249276
   0.33690     11.237018     11.289351
   0.30321     11.250438     11.312483
   0.26952     11.248457     11.319336
   0.23583     11.233693     11.312095
   0.20214     11.209662     11.294047
   0.16845     11.180301     11.269130
   0.13476     11.149612     11.241516
   0.10107     11.121266     11.215145
   0.06738     11.098455     11.193499
   0.03369     11.083749     11.179374
   0.00000     11.078676     11.174468
 
# Band-Index:   23
   0.00000     13.663472     13.637763
   0.03369     13.661509     13.635806
   0.06738     13.655822     13.630223
   0.10107     13.646863     13.621664
   0.13476     13.635656     13.611487
   0.16845     13.623762     13.601600
   0.20214     13.613171     13.594318
   0.23583     13.606564     13.592494
   0.26952     13.607065     13.599206
   0.30321     13.617238     13.616708
   0.33690     13.639775     13.647107
   0.37059     13.676304     13.691310
   0.40428     13.727653     13.749460
   0.43797     13.793027     13.820170
   0.47166     13.871673     13.902372
   0.50535     13.961786     13.994183
   0.53904     14.061625     14.093954
   0.57273     14.168978     14.199729
   0.60642     14.281863     14.309756
   0.64011     14.398916     14.423030
   0.67379     14.518247     14.538021
   0.70748     14.638584     14.653826
   0.74117     14.758547     14.769400
   0.77486     14.876314     14.883299
   0.80855     14.990395     14.994391
   0.84224     15.098620     15.100905
   0.87593     15.198755     15.200917
   0.90962     15.288798     15.292528
   0.94331     15.367456     15.374080
   0.97700     15.435572     15.445644
   1.01069     15.495608     15.508711
   1.04438     15.551218     15.566239
   1.07807     15.605857     15.621351
   1.11176     15.661708     15.676236
   1.14545     15.719013     15.731368
   1.17914     15.775870     15.785235
   1.21283     15.828510     15.834566
   1.24652     15.871861     15.874880
   1.28021     15.900608     15.901466
   1.31390     15.910691     15.910762
   1.31390     15.910691     15.910762
   1.34721     15.900518     15.899996
   1.38051     15.871236     15.869096
   1.41382     15.826225     15.821896
   1.44713     15.769542     15.763038
   1.48043     15.704768     15.696712
   1.51374     15.634279     15.625809
   1.54705     15.558969     15.551532
   1.58035     15.478558     15.473520
   1.61366     15.392310     15.390581
   1.64697     15.299479     15.301206
   1.68028     15.200009     15.204582
   1.71358     15.094252     15.100475
   1.74689     14.982974     14.989460
   1.78020     14.867116     14.872400
   1.81350     14.747757     14.750529
   1.84681     14.625834     14.625014
   1.88012     14.502509     14.497235
   1.91342     14.378432     14.368195
   1.94673     14.255018     14.239613
   1.98004     14.133443     14.112997
   2.01334     14.015027     13.990071
   2.04665     13.901272     13.872751
   2.07996     13.794132     13.763397
   2.11327     13.695600     13.664427
   2.14657     13.608607     13.579055
   2.17988     13.535799     13.510100
   2.21319     13.479555     13.459814
   2.24649     13.442229     13.430071
   2.27980     13.424043     13.420276
   2.31311     13.424086     13.428550
   2.34641     13.439428     13.451167
   2.37972     13.466323     13.483855
   2.41303     13.500025     13.521687
   2.44633     13.535762     13.560002
   2.47964     13.570037     13.595600
   2.51295     13.599674     13.625688
   2.54625     13.622287     13.648262
   2.57956     13.636330     13.662118
   2.61287     13.641093     13.666797
 
# Band-Index:   24
   2.61287     15.551652     15.624385
   2.57956     15.548508     15.619098
   2.54625     15.540063     15.604813
   2.51295     15.528378     15.584987
   2.47964     15.516377     15.564007
   2.44633     15.506690     15.545588
   2.41303     15.501227     15.532255
   2.37972     15.501118     15.525396
   2.34641     15.506847     15.525517
   2.31311     15.518300     15.532369
   2.27980     15.534925     15.545171
   2.24649     15.555939     15.562920
   2.21319     15.580423     15.584480
   2.17988     15.607512     15.608818
   2.14657     15.636260     15.634882
   2.11327     15.665791     15.661698
   2.07996     15.695363     15.688527
   2.04665     15.724270     15.714676
   2.01334     15.751917     15.739624
   1.98004     15.778063     15.763215
   1.94673     15.802213     15.785072
   1.91342     15.824402     15.805374
   1.88012     15.844575     15.824212
   1.84681     15.863041     15.842073
   1.81350     15.880326     15.859651
   1.78020     15.897137     15.877833
   1.74689     15.914599     15.897900
   1.71358     15.934062     15.921306
   1.68028     15.956892     15.949377
   1.64697     15.984205     15.982969
   1.61366     16.016808     16.022342
   1.58035     16.054305     16.066314
   1.54705     16.095323     16.112614
   1.51374     16.136881     16.157536
   1.48043     16.175580     16.197282
   1.44713     16.208294     16.228748
   1.41382     16.233010     16.250566
   1.38051     16.249390     16.263569
   1.34721     16.258374     16.269960
   1.31390     16.261212     16.271844
   1.31390     16.261212     16.271844
   1.28021     16.265222     16.276032
   1.24652     16.277225     16.288612
   1.21283     16.296891     16.309368
   1.17914     16.323599     16.337930
   1.14545     16.355721     16.373412
   1.11176     16.383215     16.400953
   1.07807     16.346169     16.332122
   1.04438     16.264549     16.249257
   1.01069     16.179234     16.168330
   0.97700     16.098638     16.093930
   0.94331     16.027009     16.029031
   0.90962     15.966726     15.974949
   0.87593     15.917774     15.930869
   0.84224     15.878550     15.894844
   0.80855     15.846386     15.864278
   0.77486     15.818724     15.836902
   0.74117     15.793563     15.811019
   0.70748     15.769348     15.785366
   0.67379     15.745176     15.759256
   0.64011     15.720558     15.732390
   0.60642     15.695246     15.704654
   0.57273     15.669290     15.676201
   0.53904     15.643069     15.647488
   0.50535     15.617089     15.619051
   0.47166     15.592078     15.591610
   0.43797     15.568917     15.565979
   0.40428     15.548349     15.542819
   0.37059     15.531443     15.523031
   0.33690     15.519233     15.507466
   0.30321     15.512455     15.496671
   0.26952     15.511915     15.491232
   0.23583     15.517881     15.491262
   0.20214     15.530271     15.496617
   0.16845     15.548211     15.506527
   0.13476     15.569998     15.519596
   0.10107     15.593014     15.533853
   0.06738     15.613776     15.546823
   0.03369     15.628358     15.555907
   0.00000     15.633622     15.559167
 
# Band-Index:   25
   0.00000     16.558597     16.603139
   0.03369     16.568471     16.611278
   0.06738     16.596660     16.634769
   0.10107     16.639765     16.671354
   0.13476     16.693107     16.717653
   0.16845     16.752572     16.770519
   0.20214     16.814560     16.826997
   0.23583     16.876399     16.884764
   0.26952     16.936401     16.942225
   0.30321     16.993722     16.998512
   0.33690     17.047988     17.053117
   0.37059     17.099185     17.105860
   0.40428     17.147485     17.156718
   0.43797     17.192697     17.205365
   0.47166     17.234163     17.251022
   0.50535     17.270438     17.292146
   0.53904     17.298923     17.325933
   0.57273     17.315745     17.348054
   0.60642     17.316722     17.353473
   0.64011     17.298857     17.338306
   0.67379     17.262794     17.302953
   0.70748     17.211617     17.250999
   0.74117     17.149370     17.187071
   0.77486     17.079824     17.115349
   0.80855     17.006005     17.039063
   0.84224     16.930233     16.960653
   0.87593     16.854316     16.881989
   0.90962     16.779716     16.804571
   0.94331     16.707509     16.729484
   0.97700     16.638882     16.657881
   1.01069     16.574786     16.590550
   1.04438     16.516723     16.528380
   1.07807     16.469401     16.472562
   1.11176     16.470096     16.435459
   1.14545     16.534910     16.495540
   1.17914     16.599916     16.560532
   1.21283     16.651744     16.612562
   1.24652     16.686077     16.648556
   1.28021     16.703467     16.668528
   1.31390     16.708351     16.674706
   1.31390     16.708351     16.674706
   1.34721     16.709464     16.674618
   1.38051     16.713710     16.675480
   1.41382     16.723529     16.680389
   1.44713     16.741804     16.693213
   1.48043     16.770719     16.717023
   1.51374     16.811184     16.753116
   1.54705     16.862974     16.801195
   1.58035     16.925198     16.860107
   1.61366     16.996603     16.928369
   1.64697     17.075745     17.004385
   1.68028     17.160933     17.086419
   1.71358     17.250147     17.172515
   1.74689     17.340809     17.260196
   1.78020     17.429519     17.346335
   1.81350     17.511152     17.426422
   1.84681     17.578032     17.494237
   1.88012     17.620896     17.542298
   1.91342     17.634759     17.565176
   1.94673     17.622318     17.563069
   1.98004     17.590402     17.540961
   2.01334     17.545648     17.504839
   2.04665     17.493088     17.459747
   2.07996     17.436152     17.409290
   2.11327     17.377083     17.355876
   2.14657     17.317202     17.300939
   2.17988     17.257312     17.245328
   2.21319     17.197553     17.189160
   2.24649     17.137923     17.132330
   2.27980     17.078032     17.074280
   2.31311     17.017504     17.014420
   2.34641     16.956116     16.952312
   2.37972     16.893991     16.887865
   2.41303     16.831871     16.821736
   2.44633     16.771064     16.755314
   2.47964     16.713951     16.691298
   2.51295     16.663704     16.633538
   2.54625     16.623915     16.586693
   2.57956     16.598140     16.555763
   2.61287     16.589295     16.545021
 
# Band-Index:   26
   2.61287     17.988988     17.959343
   2.57956     17.991034     17.961419
   2.54625     17.997406     17.967920
   2.51295     18.008498     17.979336
   2.47964     18.024837     17.996335
   2.44633     18.046740     18.019375
   2.41303     18.073923     18.048267
   2.37972     18.105235     18.081815
   2.34641     18.139063     18.118201
   2.31311     18.172841     18.154477
   2.27980     18.203584     18.187205
   2.24649     18.228233     18.212967
   2.21319     18.243948     18.228770
   2.17988     18.248666     18.232724
   2.14657     18.240812     18.223612
   2.11327     18.220071     18.201504
   2.07996     18.186592     18.166914
   2.04665     18.141004     18.120718
   2.01334     18.084886     18.064688
   1.98004     18.020298     18.001050
   1.94673     17.949433     17.932274
   1.91342     17.875014     17.861321
   1.88012     17.799766     17.790471
   1.84681     17.725930     17.720730
   1.81350     17.653193     17.651217
   1.78020     17.580105     17.581078
   1.74689     17.507204     17.511104
   1.71358     17.435605     17.442276
   1.68028     17.366371     17.375550
   1.64697     17.299995     17.311449
   1.61366     17.236639     17.250128
   1.58035     17.176615     17.191958
   1.54705     17.119872     17.136880
   1.51374     17.066565     17.085015
   1.48043     17.017129     17.036757
   1.44713     16.972412     16.992910
   1.41382     16.933847     16.954894
   1.38051     16.903501     16.924817
   1.34721     16.883846     16.905240
   1.31390     16.877010     16.898415
   1.31390     16.877010     16.898415
   1.28021     16.878255     16.901088
   1.24652     16.884842     16.910753
   1.21283     16.902050     16.930593
   1.17914     16.932135     16.962304
   1.14545     16.974421     17.005817
   1.11176     17.027521     17.060285
   1.07807     17.090271     17.124778
   1.04438     17.161750     17.198443
   1.01069     17.240962     17.280347
   0.97700     17.326754     17.369320
   0.94331     17.417456     17.463692
   0.90962     17.510784     17.561148
   0.87593     17.602978     17.657646
   0.84224     17.688156     17.746297
   0.80855     17.757950     17.816398
   0.77486     17.804232     17.857674
   0.74117     17.825417     17.870123
   0.70748     17.828247     17.864000
   0.67379     17.822911     17.851395
   0.64011     17.818651     17.842244
   0.60642     17.821721     17.843002
   0.57273     17.834009     17.855078
   0.53904     17.853761     17.875682
   0.50535     17.876992     17.899958
   0.47166     17.900362     17.924144
   0.43797     17.921248     17.945530
   0.40428     17.938235     17.962778
   0.37059     17.950747     17.975440
   0.33690     17.959113     17.983954
   0.30321     17.963697     17.988791
   0.26952     17.965599     17.991078
   0.23583     17.965982     17.991976
   0.20214     17.965890     17.992480
   0.16845     17.966312     17.993531
   0.13476     17.967623     17.995464
   0.10107     17.969724     17.998151
   0.06738     17.972045     18.000966
   0.03369     17.973944     18.003210
   0.00000     17.974652     18.004046
 
# Band-Index:   27
   0.00000     18.491496     18.505101
   0.03369     18.496848     18.510905
   0.06738     18.512625     18.527941
   0.10107     18.538021     18.555157
   0.13476     18.572030     18.591218
   0.16845     18.613691     18.634746
   0.20214     18.661745     18.684087
   0.23583     18.714980     18.737641
   0.26952     18.771566     18.793307
   0.30321     18.829485     18.848932
   0.33690     18.885367     18.901320
   0.37059     18.935154     18.946927
   0.40428     18.974495     18.982302
   0.43797     18.998662     19.003996
   0.47166     19.003023     19.008708
   0.50535     18.984092     18.993652
   0.53904     18.939993     18.955938
   0.57273     18.872059     18.893926
   0.60642     18.785195     18.809845
   0.64011     18.685916     18.709580
   0.67379     18.581162     18.600603
   0.70748     18.477875     18.490386
   0.74117     18.383906     18.387320
   0.77486     18.307454     18.301291
   0.80855     18.253680     18.240823
   0.84224     18.219577     18.204483
   0.87593     18.196239     18.181376
   0.90962     18.175202     18.161031
   0.94331     18.151038     18.137396
   0.97700     18.120915     18.107731
   1.01069     18.083787     18.071239
   1.04438     18.039917     18.028334
   1.07807     17.990168     17.979960
   1.11176     17.936292     17.927848
   1.14545     17.880832     17.874425
   1.17914     17.826949     17.822690
   1.21283     17.778530     17.776316
   1.24652     17.739854     17.739344
   1.28021     17.714631     17.715257
   1.31390     17.705935     17.706954
   1.31390     17.705935     17.706954
   1.34721     17.711162     17.712559
   1.38051     17.726626     17.729156
   1.41382     17.751372     17.755675
   1.44713     17.784270     17.790827
   1.48043     17.823680     17.832762
   1.51374     17.867952     17.879603
   1.54705     17.915423     17.929457
   1.58035     17.964524     17.980529
   1.61366     18.013875     18.031277
   1.64697     18.061718     18.079754
   1.68028     18.106718     18.124581
   1.71358     18.147369     18.164310
   1.74689     18.183016     18.198488
   1.78020     18.214331     18.228011
   1.81350     18.244396     18.255910
   1.84681     18.279495     18.287866
   1.88012     18.326839     18.330225
   1.91342     18.390720     18.387263
   1.94673     18.469764     18.458838
   1.98004     18.558448     18.541108
   2.01334     18.649350     18.627998
   2.04665     18.733795     18.712007
   2.07996     18.802608     18.784345
   2.11327     18.848491     18.835656
   2.14657     18.870746     18.860970
   2.17988     18.873823     18.862920
   2.21319     18.862954     18.848245
   2.24649     18.842250     18.823242
   2.27980     18.814726     18.792428
   2.31311     18.782513     18.758551
   2.34641     18.747460     18.723483
   2.37972     18.711149     18.688467
   2.41303     18.675092     18.654514
   2.44633     18.640433     18.622283
   2.47964     18.608920     18.593173
   2.51295     18.582140     18.568490
   2.54625     18.561661     18.549622
   2.57956     18.548700     18.537668
   2.61287     18.544468     18.533776
 
# Band-Index:   28
   2.61287     19.757609     19.754312
   2.57956     19.756232     19.752932
   2.54625     19.752241     19.748869
   2.51295     19.745235     19.741665
   2.47964     19.734689     19.730676
   2.44633     19.719841     19.715008
   2.41303     19.699779     19.693619
   2.37972     19.673115     19.665060
   2.34641     19.639049     19.628580
   2.31311     19.596447     19.583283
   2.27980     19.544873     19.529187
   2.24649     19.484484     19.467135
   2.21319     19.416463     19.399289
   2.17988     19.343383     19.329586
   2.14657     19.269385     19.263838
   2.11327     19.200967     19.209324
   2.07996     19.144529     19.169972
   2.04665     19.102267     19.143266
   2.01334     19.070908     19.123572
   1.98004     19.046255     19.106882
   1.94673     19.025916     19.091578
   1.91342     19.009890     19.078142
   1.88012     18.999350     19.067924
   1.84681     18.996421     19.063054
   1.81350     19.003175     19.065663
   1.78020     19.020754     19.077210
   1.74689     19.048768     19.097951
   1.71358     19.085080     19.126472
   1.68028     19.126914     19.160708
   1.64697     19.170856     19.197638
   1.61366     19.214126     19.234747
   1.58035     19.254321     19.269712
   1.54705     19.290387     19.301506
   1.51374     19.320874     19.328589
   1.48043     19.345751     19.350839
   1.44713     19.365254     19.368391
   1.41382     19.379662     19.381423
   1.38051     19.389566     19.390424
   1.34721     19.395365     19.395708
   1.31390     19.397156     19.397317
   1.31390     19.397156     19.397317
   1.28021     19.396072     19.395988
   1.24652     19.392947     19.392076
   1.21283     19.387451     19.385188
   1.17914     19.379503     19.375191
   1.14545     19.368819     19.361710
   1.11176     19.355029     19.344303
   1.07807     19.338343     19.323098
   1.04438     19.318669     19.298000
   1.01069     19.296492     19.269581
   0.97700     19.273480     19.239652
   0.94331     19.250797     19.209671
   0.90962     19.230440     19.182001
   0.87593     19.214388     19.159117
   0.84224     19.203988     19.142815
   0.80855     19.200194     19.134420
   0.77486     19.203089     19.134246
   0.74117     19.212481     19.142141
   0.70748     19.227602     19.157420
   0.67379     19.247824     19.179626
   0.64011     19.272853     19.208942
   0.60642     19.302876     19.246376
   0.57273     19.338856     19.293697
   0.53904     19.381998     19.351591
   0.50535     19.432447     19.417460
   0.47166     19.487898     19.485728
   0.43797     19.544165     19.550598
   0.40428     19.596691     19.607711
   0.37059     19.642545     19.654975
   0.33690     19.679925     19.691628
   0.30321     19.708044     19.717847
   0.26952     19.727193     19.734720
   0.23583     19.738371     19.743808
   0.20214     19.742797     19.746635
   0.16845     19.742596     19.745419
   0.13476     19.739510     19.741834
   0.10107     19.735241     19.737437
   0.06738     19.731200     19.733467
   0.03369     19.728342     19.730719
   0.00000     19.727325     19.729749
 
# Band-Index:   29
   0.00000     21.214254     21.172951
   0.03369     21.213142     21.171234
   0.06738     21.210109     21.166387
   0.10107     21.205559     21.158793
   0.13476     21.200615     21.149551
   0.16845     21.196681     21.140071
   0.20214     21.195271     21.131961
   0.23583     21.198342     21.127371
   0.26952     21.207723     21.128449
   0.30321     21.225582     21.137881
   0.33690     21.254092     21.158449
   0.37059     21.295611     21.193085
   0.40428     21.352833     21.244825
   0.43797     21.427903     21.315852
   0.47166     21.522324     21.407392
   0.50535     21.636416     21.519336
   0.53904     21.768730     21.649903
   0.57273     21.916371     21.796122
   0.60642     22.075266     21.954123
   0.64011     22.240443     22.119483
   0.67379     22.405773     22.286899
   0.70748     22.562732     22.449308
   0.74117     22.697445     22.595231
   0.77486     22.787839     22.705015
   0.80855     22.815475     22.755902
   0.84224     22.788397     22.746315
   0.87593     22.730719     22.698839
   0.90962     22.661942     22.635945
   0.94331     22.594614     22.572332
   0.97700     22.536365     22.516757
   1.01069     22.491926     22.474550
   1.04438     22.463779     22.448526
   1.07807     22.452434     22.439373
   1.11176     22.456629     22.445901
   1.14545     22.473645     22.465371
   1.17914     22.499103     22.493288
   1.21283     22.527916     22.524393
   1.24652     22.554344     22.552726
   1.28021     22.572787     22.572452
   1.31390     22.579457     22.579575
   1.31390     22.579457     22.579575
   1.34721     22.573170     22.573841
   1.38051     22.555202     22.557456
   1.41382     22.529177     22.533846
   1.44713     22.499531     22.507183
   1.48043     22.470940     22.481882
   1.51374     22.448039     22.462358
   1.54705     22.433980     22.451603
   1.58035     22.431015     22.451805
   1.61366     22.440066     22.463906
   1.64697     22.459922     22.486878
   1.68028     22.488149     22.518629
   1.71358     22.519536     22.554645
   1.74689     22.545711     22.587986
   1.78020     22.551675     22.606119
   1.81350     22.516504     22.589500
   1.84681     22.428848     22.520674
   1.88012     22.302520     22.406322
   1.91342     22.158003     22.267879
   1.94673     22.008326     22.120930
   1.98004     21.860600     21.973989
   2.01334     21.719171     21.832111
   2.04665     21.587460     21.699099
   2.07996     21.468171     21.577863
   2.11327     21.363646     21.470787
   2.14657     21.275581     21.379446
   2.17988     21.204831     21.304517
   2.21319     21.151366     21.245841
   2.24649     21.114368     21.202622
   2.27980     21.092228     21.173507
   2.31311     21.082941     21.156888
   2.34641     21.084203     21.150985
   2.37972     21.093643     21.153887
   2.41303     21.108510     21.163148
   2.44633     21.126217     21.176331
   2.47964     21.144444     21.191126
   2.51295     21.161042     21.205268
   2.54625     21.174241     21.216863
   2.57956     21.182611     21.224350
   2.61287     21.185519     21.226975
 
# Band-Index:   30
   2.61287     23.449307     23.182868
   2.57956     23.434524     23.175941
   2.54625     23.394622     23.155960
   2.51295     23.338365     23.125079
   2.47964     23.273355     23.086252
   2.44633     23.204880     23.042583
   2.41303     23.136969     22.997271
   2.37972     23.072841     22.953328
   2.34641     23.015693     22.913988
   2.31311     22.968101     22.882018
   2.27980     22.931901     22.859482
   2.24649     22.908595     22.848174
   2.21319     22.898183     22.848434
   2.17988     22.899799     22.859712
   2.14657     22.911251     22.880088
   2.11327     22.929506     22.906694
   2.07996     22.950910     22.935944
   2.04665     22.971848     22.964199
   2.01334     22.989174     22.988206
   1.98004     23.000721     23.005682
   1.94673     23.005576     23.015804
   1.91342     23.005141     23.020447
   1.88012     23.004788     23.026301
   1.84681     23.017546     23.049088
   1.81350     23.065678     23.112277
   1.78020     23.165745     23.225637
   1.74689     23.309841     23.375504
   1.71358     23.480540     23.546111
   1.68028     23.665410     23.727746
   1.64697     23.857129     23.914710
   1.61366     24.050349     24.102490
   1.58035     24.239070     24.285529
   1.54705     24.413064     24.453757
   1.51374     24.546302     24.579386
   1.48043     24.584579     24.604197
   1.44713     24.536057     24.545730
   1.41382     24.465425     24.470272
   1.38051     24.403343     24.405632
   1.34721     24.362204     24.363170
   1.31390     24.347905     24.348457
   1.31390     24.347905     24.348457
   1.28021     24.364027     24.364339
   1.24652     24.410514     24.410047
   1.21283     24.481617     24.479655
   1.17914     24.567851     24.563336
   1.14545     24.653796     24.644891
   1.11176     24.706279     24.689277
   1.07807     24.663263     24.637116
   1.04438     24.538729     24.505567
   1.01069     24.384627     24.344149
   0.97700     24.219403     24.171237
   0.94331     24.050050     23.994296
   0.90962     23.881497     23.819087
   0.87593     23.717984     23.651203
   0.84224     23.566364     23.500101
   0.80855     23.438405     23.381181
   0.77486     23.349600     23.309328
   0.74117     23.300721     23.276676
   0.70748     23.269632     23.257517
   0.67379     23.236161     23.234186
   0.64011     23.192914     23.201142
   0.60642     23.140345     23.159296
   0.57273     23.081946     23.112010
   0.53904     23.022079     23.063426
   0.50535     22.965248     23.017847
   0.47166     22.915895     22.979639
   0.43797     22.877989     22.952700
   0.40428     22.854411     22.940051
   0.37059     22.846972     22.943671
   0.33690     22.856207     22.964323
   0.30321     22.880417     23.000630
   0.26952     22.917204     23.050537
   0.23583     22.963271     23.111140
   0.20214     23.014591     23.178531
   0.16845     23.067449     23.249175
   0.13476     23.117763     23.318913
   0.10107     23.162063     23.383601
   0.06738     23.196860     23.438052
   0.03369     23.219108     23.475601
   0.00000     23.226814     23.489298
